# This file may be used to create an environment using:
# $ conda create --name <env> --file <this file>
# platform: win-64
asgiref=3.8.1=pyhd8ed1ab_0
brotli-python=1.1.0=py311hda3d55a_2
bzip2=1.0.8=h2466b09_7
ca-certificates=2024.8.30=h56e8100_0
certifi=2024.8.30=pyhd8ed1ab_0
cffi=1.17.1=py311he736701_0
charset-normalizer=3.4.0=pyhd8ed1ab_0
django=5.0.8=pyhd8ed1ab_0
h2=4.1.0=pyhd8ed1ab_0
hpack=4.0.0=pyh9f0ad1d_0
hyperframe=6.0.1=pyhd8ed1ab_0
idna=3.10=pyhd8ed1ab_0
libexpat=2.6.3=he0c23c2_0
libffi=3.4.2=h8ffe710_5
libsqlite=3.47.0=h2466b09_1
libzlib=1.3.1=h2466b09_2
openssl=3.3.2=h2466b09_0
pip=24.3.1=pyh8b19718_0
pycparser=2.22=pyhd8ed1ab_0
pysocks=1.7.1=pyh0701188_6
python=3.11.10=hce54a09_3_cpython
python-dotenv=1.0.1=pyhd8ed1ab_0
python_abi=3.11=5_cp311
requests=2.32.3=pyhd8ed1ab_0
setuptools=75.3.0=pyhd8ed1ab_0
sqlparse=0.5.1=pyhd8ed1ab_0
tk=8.6.13=h5226925_1
typing_extensions=4.12.2=pyha770c72_0
tzdata=2024b=hc8b5060_0
ucrt=10.0.22621.0=h57928b3_1
urllib3=2.2.3=pyhd8ed1ab_0
vc=14.3=ha32ba9b_22
vc14_runtime=14.40.33810=hcc2c482_22
vs2015_runtime=14.40.33810=h3bf8584_22
wheel=0.44.0=pyhd8ed1ab_0
win_inet_pton=1.1.0=pyh7428d3b_7
xz=5.2.6=h8d14728_0
zstandard=0.23.0=py311h53056dc_1
zstd=1.5.6=h0ea2cb4_0
